accuracy: 0.6470588235294118
precision: 0.7692307692307692
recall: 0.7
f1_score: 0.6357142857142857
